date,ordinality,count
1864,0.0,33
